0 0.9004245128 0.0003551003 -0.0000004440
1 0.9143051034 0.0002610321 -0.0000003132
2 0.9112724866 0.0003547596 -0.0000005067
3 0.9342017103 0.0001811427 -0.0000001937
4 0.9357155465 0.0001761840 -0.0000001986
5 0.9346114769 0.0001799118 -0.0000002205
6 0.9384138337 0.0001473672 -0.0000001366
7 0.9325012830 0.0002224927 -0.0000002989
8 0.9333083751 0.0002215052 -0.0000003100
9 0.9258555506 0.0002659339 -0.0000003721
10 0.9212095065 0.0002461865 -0.0000003176
11 0.9021580514 0.0003397708 -0.0000004066
