0 0 0.910597
0 1 0.923727
0 2 0.930058
0 3 0.941649
0 4 0.941348
0 5 0.936842
0 6 0.938784
0 7 0.937255
0 8 0.937201
0 9 0.935832
0 10 0.922265
0 11 0.920179
1 0 0.933085
1 1 0.936594
1 2 0.942595
1 3 0.947181
1 4 0.950397
1 5 0.950418
1 6 0.951441
1 7 0.95312
1 8 0.953137
1 9 0.947551
1 10 0.937456
1 11 0.93096
2 0 0.94204
2 1 0.949465
2 2 0.951519
2 3 0.957516
2 4 0.95969
2 5 0.957952
2 6 0.959879
2 7 0.959649
2 8 0.962423
2 9 0.958546
2 10 0.956257
2 11 0.945954
3 0 0.959484
3 1 0.954723
3 2 0.96419
3 3 0.966702
3 4 0.964802
3 5 0.965194
3 6 0.965271
3 7 0.967871
3 8 0.966053
3 9 0.966884
3 10 0.961443
3 11 0.954401
4 0 0.965695
4 1 0.964603
4 2 0.972545
4 3 0.969654
4 4 0.970214
4 5 0.966622
4 6 0.968833
4 7 0.97142
4 8 0.971502
4 9 0.971453
4 10 0.963805
4 11 0.968172
5 0 0.971329
5 1 0.968664
5 2 0.970361
5 3 0.976378
5 4 0.974818
5 5 0.971546
5 6 0.976593
5 7 0.973267
5 8 0.97158
5 9 0.971787
5 10 0.969001
5 11 0.973015
