0 0.8658153123 0.0005820216 -0.0000006721
1 0.8702253462 0.0005314295 -0.0000005728
2 0.8831793724 0.0004694358 -0.0000004959
3 0.8964154363 0.0003917020 -0.0000003606
4 0.8975728037 0.0004147092 -0.0000004985
5 0.9033182403 0.0003478306 -0.0000003319
6 0.9067326762 0.0003145440 -0.0000002532
7 0.8973585526 0.0004083123 -0.0000004324
8 0.8922335854 0.0004584473 -0.0000005349
9 0.8799939673 0.0005420913 -0.0000006561
10 0.8608202820 0.0006141281 -0.0000007126
11 0.8653189348 0.0005959351 -0.0000007069
